7 0 8 0 59 243 7 5 128 242 241 7 5 95 220 163 7 7 6 124 240 4 239 82 8 2 180 231 3 238 31 1 2 4 8 16 17 9 18 36 37 19 5 10 20 21 11 3 6 12 24 25 13 26 27 7 14 28 29 15 30 31
2 7 188 3 236 69 4 1 9 3 235 0 234 206 7 6 89 5 233 1 2 4 5 10 11 3 6 12 24 48 49 25 13 7 14 28 29 15
5 5 3 237 0 12 238 236 9 6 9 4 235 30 234 233 7 231 0 232 82 1 2 4 8 9 18 19 5 3 6 12 24 48 49 25 13 7 14 15 30 31
8 2 48 223 7 8 219 222 7 5 6 221 203 166 4 220 127 1 2 4 5 3 6 12 13 7 14 28 56 57 29 15 30 31
0 6 67 1 26 9 235 8 106 236 3 2 234 66 233 1 2 4 5 10 11 22 23 46 47 3 6 12 13 7
3 4 8 247 7 243 248 4 3 7 70 246 142 4 245 98 2 7 223 244 3 182 20 1 2 4 8 9 18 19 5 10 20 40 41 21 11 22 23 3 6 12 13 7 14 15
3 2 3 129 32 191 0 4 234 0 235 6 236 124 1 2 29 233 37 1 2 4 8 9 5 3 6 12 13 26 27 54 55 7 14 28 29 15
1 4 8 239 5 83 66 2 7 238 159 4 205 33 0 2 3 84 9 237 233 4 236 235 1 76 7 1 2 4 8 9 18 19 5 10 20 21 11 22 23 3 6 12 24 25 50 51 13 26 27 7 14 15
2 2 57 0 1 3 80 247 128 246 5 3 243 245 7 138 244 1 2 4 5 10 20 40 41 21 11 3 6 12 13 7 14 15
5 8 210 221 0 3 212 0 6 134 220 219 53 1 2 4 5 3 6 12 13 26 52 53 27 7
