59 0 243 8 128 5 242 7 241 0 95 5 220 7 163 7 124 6 240 7 239 4 82 7 180 2 231 8 238 3 31 16 8 17 4 36 18 37 9 19 2 20 10 21 5 11 1 24 12 25 6 26 13 27 3 28 14 29 7 30 15 31
188 7 236 3 69 2 235 3 0 9 234 1 206 4 89 6 5 7 233 4 2 10 5 11 1 48 24 49 12 25 6 13 3 28 14 29 7 15
237 3 12 0 238 5 236 5 235 4 30 9 234 6 233 9 231 7 232 0 82 8 4 18 9 19 2 5 1 48 24 49 12 25 6 13 3 14 7 30 15 31
48 2 223 8 219 8 222 7 221 6 203 5 166 7 220 4 127 4 2 5 1 12 6 13 3 56 28 57 14 29 7 30 15 31
67 6 26 1 235 9 106 8 236 0 234 2 66 3 233 4 2 10 5 22 11 46 23 47 1 12 6 13 3 7
247 8 243 7 248 4 70 7 246 3 142 4 245 4 98 3 223 7 244 2 182 3 20 8 4 18 9 19 2 40 20 41 10 21 5 22 11 23 1 12 6 13 3 14 7 15
129 3 32 2 191 3 234 4 235 0 236 6 124 0 29 2 233 1 37 8 4 9 2 5 1 12 6 26 13 54 27 55 3 28 14 29 7 15
239 8 83 5 66 4 238 7 159 2 205 4 33 1 84 3 237 9 233 2 236 4 235 0 76 1 7 8 4 18 9 19 2 20 10 21 5 22 11 23 1 24 12 50 25 51 6 26 13 27 3 14 7 15
57 2 80 3 247 1 128 0 246 2 243 3 245 5 138 7 244 4 2 40 20 41 10 21 5 11 1 12 6 13 3 14 7 15
210 8 221 5 212 3 134 6 220 0 219 0 53 4 2 5 1 12 6 52 26 53 13 27 3 7
